368.934
363.586
387.861
752.291
368.218
354.123
366.297
367.643
445.368
406.922
357.952
571.45
373.743
365.633
434.066
654.777
354.96
536.917
377.724
435.316
404.779
405.54
417.901
760.61
455.667
425.818
400.904
707.128
418.358
361.85
366.024
357.117
398.185
379.496
361.372
390.85
515.76
403.772
393.899
630.375
376.999
397.891
601.894
419.94
413.608
357.512
760.68
452.124
387.29
420.887
362.741
354.616
365.978
665.58
356.933
454.808
452.009
414.278
445.357
367.207
449.515
380.677
690.858
444.342
379.019
434.544
357.604
607.966
373.943
517.408
407.96
509.988
435.309
390.214
372.131
360.753
421.063
401.149
408.834
356.904
443.545
365.455
402.84
491.148
406.559
386.058
407.178
390.052
419.86
357.748
389.572
468.346
468.363
444.668
474.358
390.388
376.668
393.708
433.804
401.506
397.573
586.791
411.524
392.24
591.169
364.757
553.39
395.779
500.231
590.926
356.729
830.276
428.079
391.288
466.434
397.402
382.756
374.421
417.572
377.792
392.017
375.575
379.463
450.609
710.824
399.191
379.737
355.67
365.704
362.066
428.933
378.247
363.686
402.633
411.358
364.616
355.694
362.328
354.221
378.345
376.893
517.508
432.601
498.762
455.797
590.672
607.484
365.797
382.936
443.321
427.682
364.06
427.678
372.32
793.963
472.483
357.707
452.703
432.073
606.507
402.024
422.482
408.606
462.517
361.826
389.098
457.911
360.554
394.782
387.947
426.404
402.861
395.712
379.131
489.953
455.172
408.883
374.812
448.99
460.031
528.771
774.195
355.956
404.197
401.872
366.349
375.536
376.544
723.983
600.513
423.159
375.334
370.382
354.585
371.5
480.75
416.669
378.015
409.101
433.431
421.756
393.887
769.606
691.661
463.045
419.195
465.52
434.332
354.96
417.031
474.995
425.798
574.108
364.705
552.92
373.296
369.961
375.543
382.269
621.764
359.671
827.758
442.82
480.199
444.846
389.007
491.48
411.299
409.02
359.804
420.572
358.128
412.976
380.705
415.688
477.031
402.616
381.313
358.6
445.828
605.457
372.17
488.956
643.735
561.426
507.407
367.982
682.571
403.79
385.335
360.891
376.595
366.467
416.37
419.088
386.679
362.445
395.6
775.42
450.625
454.182
363.628
385.554
409.265
378.454
396.889
549.346
479.134
374.085
384.105
372.938
367.631
369.394
464.094
568.556
586.534
381.765
578.738
414.187
375.195
374.189
388.76
395.641
399.004
376.776
370.806
562.394
360.101
400.4
410.888
403.34
391.912
412.442
548.338
463.824
424.708
383.621
393.651
562.195
367.014
451.676
559.54
495.048
538.033
358.411
617.51
797.117
363.907
440.881
503.591
493.695
486.739
358.418
440.8
361.33
412.475
371.719
423.64
376.048
443.398
423.293
367.207
476.779
968.895
388.371
379.168
363.656
470.816
757.268
397.447
595.995
399.677
883.689
376.609
466.536
363.906
379.814
359.954
370.577
386.873
360.062
361.977
378.575
354.279
395.048
545.59
490.407
369.932
1057.75
417.895
510.283
437.119
368.325
354.438
364.138
440.488
387.44
382.263
468.834
441.455
366.3
446.314
366.828
481.638
374.307
362.728
506.242
450.155
439.646
449.053
542.509
365.616
416.538
568.573
420.899
680.405
609.61
392.392
422.184
405.708
419.517
377.89
540.557
381.225
354.193
474.274
385.824
365.404
362.2
420.471
547.551
396.333
412.742
423.285
457.327
371.363
363.15
456.35
392.711
369.731
467.16
436.906
406.957
466.045
533.854
565.999
464.378
394.903
522.714
406.65
388.69
523.978
499.824
379.954
362.025
476.206
458.189
540.18
359.938
372.807
376.56
460.216
356.988
428.586
424.792
368.496
444.153
487.167
363.828
360.136
601.217
395.313
1046.24
396.128
500.977
628.62
390.632
697.711
399.926
485.259
387.314
403.398
385.512
464.013
377.139
355.645
455.354
471.584
366.248
519.871
410.337
470.263
492.637
365.92
479.812
387.891
399.014
425.287
360.939
1020.63
382.001
393.973
439.173
453.804
369.903
419.097
364.065
686.457
663.216
391.935
389.751
372.528
362.842
368.938
620.329
374.596
446.925
373.616
373.223
368.864
388.154
478.579
366.252
381.747
379.604
414.222
395.019
423.922
413.806
415.556
379.137
422.018
523.681
358.066
406.02
611.821
373.307
386.494
413.021
444.048
363.648
509.734
365.504
367.802
358.943
360.133
390.894
417.868
2130.09
355.155
550.709
428.874
405.951
453.779
451.373
547.13
357.033
374.545
406.409
379.908
357.188
639.792
399.425
564.194
783.171
499.391
398.066
496.813
380.674
431.968
560.217
418.066
815.178
660.824
396.95
382.463
414.239
355.015
534.099
576.999
458.041
515.512
468.765
407.038
462.241
373.247
355.749
368.321
423.226
586.119
667.517
459.589
399.91
365.741
379.649
404.523
497.034
403.925
593.771
383.733
356.579
385.934
491.936
389.011
377.762
382.995
364.675
361.114
404.61
357.939
398.521
413.62
356.106
356.727
499.812
392.984
395.828
493.526
365.489
394.66
371.147
441.656
689.726
423.943
703.71
364.271
620.408
363.175
365.385
388.737
504.856
372.934
416.059
390.993
412.895
438.661
703.719
579.382
354.115
455.262
573.93
373.337
366.866
373.81
366.425
421.28
430.113
433.212
436.071
479.381
376.567
443.677
420.986
392.013
432.704
561.045
618.648
420.429
530.1
442.01
553.956
611.355
432.142
521.61
503.679
395.314
365.544
445.571
481.474
462.137
386.368
832.73
384.703
526.073
628.784
571.196
445.066
381.976
354.672
465.597
640.737
554.17
389.396
358.931
392.672
411.941
493.486
418.122
416.094
439.245
368.85
382.16
490.475
422.138
363.334
416.369
454.797
432.895
546.213
455.397
386.738
381.722
411.903
458.311
470.481
442.388
401.319
519.058
466.159
365.599
369.771
355.999
409.595
366.183
435.057
543.692
419.71
495.411
436.804
381.04
384.769
366.295
420.907
428.113
1050.57
403.654
521.623
391.861
366.408
453.3
438.766
361.479
463.642
703.968
354.722
506.774
587.222
624.589
367.797
537.489
354.76
425.423
361.961
434.995
384.575
398.627
597.107
382.112
359.597
370.296
376.827
439.422
368.714
435.696
506.046
355.603
471.682
445.538
372.706
957.964
374.455
432.034
480.741
354.907
404.419
398.346
503.468
373.124
989.855
359.991
457.643
364.031
793.489
372.559
424.97
615.826
399.254
397.454
383.799
379.86
359.697
437.231
373.741
360.321
407.126
362.993
388.702
822.691
466.968
596.342
451.92
407.357
434.097
354.871
375.432
495.584
388.639
470.25
365.42
424.208
445.623
413.888
358.979
625.863
572.943
506.205
381.564
397.344
366.014
399.354
495.606
1006.39
403.445
652.347
371.178
403.68
413.274
378.793
372.342
583.341
600.92
411.558
425.985
391.625
360.956
521.501
492.459
413.576
622.353
355.372
356.457
791.381
395.104
597.58
373.834
383.211
441.746
482.911
575.176
377.277
439.914
361.119
556.131
357.562
382.133
443.729
454.569
568.718
354.095
391.243
368.919
488.87
429.867
373.203
397.904
361.885
425.64
940.956
644.195
370.761
572.063
842.721
544.969
472.867
354.788
400.197
401.152
393.721
532.074
355.776
442.599
382.305
394.332
355.206
356.782
492.945
379.015
557.434
1029.16
358.006
385.889
376.867
375.186
355.276
610.924
362.964
521.015
358.199
430.566
1277.38
415.539
397.04
391.447
527.218
445.161
380.83
738.818
399.561
362.938
393.433
644.063
402.077
527.287
563.203
696.067
416.569
425.75
923.075
604.27
561.859
372.703
729.389
361.392
393.279
509.769
510.893
366.446
497.42
374.94
428.172
421.735
403.302
369.755
475.556
563.856
384.034
404.225
406.602
355.742
413.878
358.919
363.792
513.927
402.223
400.489
786.231
391.669
985.898
573.356
612.893
629.547
429.675
434.273
373.008
431.842
384.544
447.212
387.76
485.156
425.293
467.216
385.798
1429.7
369.405
639.987
381.386
358.449
363.331
394.952
592.009
442.5
421.785
381.171
428.091
363.761
370.065
538.608
399.267
378.552
404.143
415.417
360.497
381.012
574.803
364.212
414.745
357.46
922.105
355.308
434.402
430.063
363.391
372.523
552.585
407.953
452.149
425.484
516.594
555.036
385.608
368.109
455.008
693.985
406.973
357.827
355.481
391.194
360.506
361.07
365.705
371.094
639.515
374.268
465.374
425.062
640.347
389.187
414.392
520.578
401.757
409.138
372.295
455.124
400.777
360.295
363.125
390.631
629.793
589.966
562.304
414.63
358.652
383.05
381.729
402.46
515.712
369.861
368.793
361.585
376.862
455.013
460.311
400.974
442.384
601.668
459.153
377.704
482.68
409.838
496.188
458.486
432.981
361.833
488.236
355.219
540.884
361.798
660.723
382.54
388.841
429.198
465.171
382.538
444.722
485.639
930.383
1225.26
640.049
398.246
374.755
533.556
516.732
399.797
388.332
410.211
369.734
642.301
379.413
397.891
525.286
394.957
385.418
427.618
825.168
469.507
554.847
497.698
722.161
361.819
840.199
383.286
401.507
858.9
507.532
430.746
386.929
386.792
364.103
474.802
1138.41
585.992
454.364
401.974
392.837
405.361
736.345
401.563
428.091
455.266
402.37
441.331
422.407
419.073
374.196
383.018
439.024
417.552
358.762
445.406
364.882
381.06
404.065
398.575
618.44
383.581
609.251
427.647
356.007
368.352
628.468
393.394
490.431
600.075
357.16
488.292
435.313
371.059
479.524
475.647
421.567
379.034
424.442
1621.35
416.405
416.388
367.881
384.338
408.661
410.757
354.988
590.52
654.062
354.914
397.496
359.932
395.031
497.995
367.386
432.523
444.215
367.024
367.592
621.209
444.416
371.462
378.333
397.85
374.13
372.821
358.391
455.56
690.911
419.696
418.127
357.65
381.081
418.223
365.552
524.619
406.332
602.813
440.374
502.52
683.604
454.632
354.899
447.387
395.753
481.24
413.712
643.194
452.355
481.344
369.62
673.983
358.417
408.974
671.534
356.173
475.681
363.011
398.571
605.415
358.635
433.213
357.782
404.365
406.595
364.056
489.769
376.582
423.9
362.689
389.863
488.79
374.172
379.427
441.345
430.053
360.836
434.456
802.852
364.805
524.958
606.659
815.769
441.617
418.014
401.189
430.498
414.633
393.177
354.165
363.81
386.122
373.175
396.725
358.097
562.115
455.72
436.676
487.172
435.075
363.94
363.721
354.37
591.181
419.861
386.746
432.821
438.288
431.178
404.953
371.125
429.432
664.29
438.618
475.79
391.435
437.071
488.502
358.152
373.954
396.88
417.177
369.688
361.411
628.752
356.588
596.094
462.209
409.985
439.248
394.985
363.776
393.065
355.815
383.79
388.984
622.189
389.689
380.811
358.704
362.968
566.631
377.376
449.792
653.777
381.181
355.84
362.098
582.24
378.662
375.898
363.657
420.418
420.952
453.701
354.42
758.017
721.104
368.7
872.081
392.506
370.905
417.342
360.78
534.79
663.347
453.033
444.15
408.069
485.108
388.934
390.889
431.407
735.221
384.276
374.848
451.205
394.387
368.422
381.061
393.32
582.627
389.164
424.807
676.676
365.101
405.258
393.751
505.641
366.831
355.908
354.588
460.535
506.383
366.202
359.082
439.424
414.867
496.777
470.333
429.971
517.461
458.173
448.609
555.563
407.297
410.039
618.356
435.712
404.654
445.946
431.385
382.521
783.432
404.683
437.147
422.669
707.686
363.398
370.397
387.522
528.936
379.459
370.989
360.613
597.95
467.095
478.384
652.1
397.35
790.155
404.407
507.358
398.758
354.749
396.171
804.41
362.989
367.699
508.473
449.617
361.05
372.68
380.548
377.346
530.941
374.965
647.913
355.578
536.654
381.694
388.463
486.427
417.25
391.829
360.34
405.7
386.489
430.578
415.317
567.327
478.915
538.44
440.487
359.056
361.856
421.347
379.014
1239.79
354.081
480.306
386.729
437.815
365.761
380.333
533.554
389.039
363.709
409.89
376.964
417.874
426.803
364.194
367.098
445.471
358.429
568.352
401.422
565.119
376.768
362.607
467.529
485.239
381.491
357.292
463.844
370.129
451.46
374.799
673.037
400.502
649.792
707.196
484.938
854.478
398.186
377.922
446.387
485.265
415.832
423.788
548.021
394.013
412.249
449.875
536.116
441.111
377.353
474.405
359.428
355.284
360.088
389.455
359.014
366.553
499.1
403.495
458.891
421.956
393.987
515.24
398.023
466.691
426.868
387.8
425.152
405.419
399.875
436.938
444.673
372.485
381.4
358.581
396.137
647.554
415.593
360.525
369.037
769.931
424.658
634.628
541.27
371.409
543.235
372.09
487.404
665.41
381.721
391.923
414.505
411.143
369.042
467.874
394.705
366.559
465.509
501.265
382.752
405.692
382.724
366.927
464.84
358.512
372.113
472.308
443.517
360.446
395.113
479.613
417.714
545.884
373.849
429.066
361.464
511.739
407.086
365.019
404.526
454.644
394.122
426.639
432.82
417.146
419.47
441.86
444.07
404.302
394.022
499.396
447.674
502.025
455.483
673.213
400.662
405.456
500.037
714.225
380.562
458.048
647.998
433.342
410.415
433.892
387.425
385.926
551.337
401.13
405.215
1016.46
383.982
671.963
394.262
395.279
491.323
455.498
384.614
519.19
361.023
359.566
510.09
379.908
383.992
399.453
551.413
366.11
356.599
413.289
406.461
404.129
446.808
450.909
402.436
471.935
449.032
412.322
374.505
375.804
438.789
357.057
482.321
410.527
419.13
456.059
368.587
677.902
360.534
386.183
357.472
792.257
375.281
484.515
500.369
431.063
400.917
391.361
616.373
492.432
413.616
456.679
369.973
389.656
477.077
492.876
936.84
389.353
577.909
416.165
472.307
372.052
661.978
383.219
362.946
411.249
514.43
356.377
390.816
401.52
434.529
524.791
404.224
385.366
364.939
395.391
532.318
449.61
389.648
356.752
428.009
396.149
574.325
366.925
365.446
355.722
366.101
442.032
380.453
502.54
614.17
420.511
507.881
420.37
359.641
403.927
632.705
438.966
393.227
409.758
515.283
371.042
421.745
624.992
418.447
479.438
409.58
464.36
357.398
538.809
389.772
407.644
453.029
369.678
449.635
418.734
775.655
433.298
401.167
449.664
372.904
469.166
494.366
387.15
402.471
357.331
499.356
376.387
395.809
525.613
423.574
407.164
439.068
390.489
357.858
483.846
414.967
364.516
485.063
428.567
473.539
423.57
465.276
399.858
372.012
432.44
513.968
521.876
355.094
406.563
444.393
378.694
870.42
407.258
439.063
366.625
434.839
470.156
360.696
360.178
438.361
435.579
468.292
641.741
374.919
361.244
499.055
385.26
397.979
397.056
745.082
388.084
368.932
357.603
355.367
390.937
534.028
541.812
437.776
449.196
506.183
400.731
374.153
380.762
446.223
452.447
415.601
436.616
778.121
404.146
375.313
598.481
521.953
464.015
446.155
516.961
399.808
366.164
390.035
636.833
404.47
368.798
610.603
554.988
371.231
358.908
438.159
476.525
403.599
509.599
418.132
382.023
392.419
367.548
539.959
619.4
387.923
364.419
381.91
486.029
386.298
355.57
470.273
357.647
354.847
395.856
388.851
414.243
546.19
418.346
395.255
361.118
756.677
540.389
405.856
448.268
691.007
389.062
425.366
458.447
401.832
379.682
394.69
400.92
425.218
416.244
472.796
361.889
376.32
360.674
470.62
452.865
362.401
390.656
405.627
517.068
355.036
463.507
864.107
436.684
381.828
469.773
371.857
412.778
385.201
374.429
618.16
480.242
380.887
563.903
355.266
359.127
406.927
427.134
404.164
422.172
580.066
392.78
398.154
607.231
382.657
424.293
382.101
374.658
383.503
432.226
382.417
439.205
356.626
399.34
573.977
435.314
397.642
406.144
362.749
760.404
460.965
408.096
368.52
510.773
450.548
569.294
434.522
354.874
358.128
433.987
561.475
369.356
466.873
557.304
360.524
969.654
478.75
587.515
706.261
618.223
720.008
354.612
398.267
470.527
514.296
391.894
482.844
435.539
459.875
426.007
462.226
363.331
717.859
358.228
367.441
506.277
358.78
427.605
508.569
388.564
576.982
376.642
402.486
392.176
698.983
394.111
554.902
364.807
407.162
425.945
434.512
390.535
455.853
364.979
495.106
386.405
618.739
587.305
466.2
495.454
543.7
380.964
375.664
495.897
435.583
430.881
584.495
402.351
435.77
398.658
463.065
484.09
372.356
443.762
636.39
420.489
447.337
360.06
463.311
457.258
354.377
361.498
467.069
400.613
374.542
356.35
495.255
366.542
401.255
628.143
411.473
379.433
435.656
398.605
491.858
422.871
456.095
366.955
361.433
391.831
722.983
391.897
356.628
421.362
420.956
364.925
388.729
563.271
421.74
392.198
371.158
661.905
355.301
489.956
389.389
547.965
354.732
487.847
410.421
386.69
439.21
449.434
429.003
450.518
556.244
373.607
359.236
405.356
376.045
502.472
424.253
383.725
356.167
393.717
515.083
447.582
462.485
577.8
401.495
412.717
1345.53
361.497
359.09
366.264
568.279
644.109
470.376
570.561
457.659
389.585
378.266
354.961
358.712
752.735
929.472
365.788
369.684
563.271
495.926
429.957
436.82
586.442
652.218
503.498
380.322
367.794
625.102
704.896
435.949
435.171
454.809
382.989
648.25
651.714
376.724
473.76
359.071
428.621
355.614
420.418
387.117
367.258
436.068
396.856
418.396
422.17
421.676
465.324
356.302
551.125
379.518
655.611
376.255
415.873
354.66
505.186
505.74
388.378
422.893
425.747
1289.52
364.216
398.17
617.074
375.746
384.571
581.907
402.458
415.791
369.223
366.211
805.52
466.512
389.694
384.908
482.887
500.332
372.783
404.872
620.283
589.275
451.463
366.413
388.293
495.563
538.671
463.211
421.985
551.598
367.368
365.759
594.333
373.221
363.498
419.485
384.172
354.992
628.43
579.76
477.673
360.586
501.924
588.824
433.858
455.116
381.76
361.764
409.097
385.838
400.948
571.362
413.07
464.166
398.534
428.292
398.597
399.601
387.116
399.754
358.734
354.499
364.723
359.736
398.155
375.592
396.62
374.493
401.852
361.413
411.819
375.897
560.699
487.629
372.419
390.182
682.392
357.414
487.218
362.597
623.484
545.372
362.185
359.57
443.241
380.598
504.882
387.718
518.817
771.885
365.545
397.001
366.669
362.725
355.778
391.251
450.107
408.945
394.079
515.62
361.087
358.02
394.484
418.543
363.641
362.187
356.186
365.949
374.915
426.608
364.071
357.836
362.161
498.334
462.978
464.059
371.644
390.973
563.777
371.144
391.54
377.011
422.425
522.636
396.56
354.053
370.76
424.085
375.764
394.336
602.573
463.37
1314.7
495.731
389.622
372.436
354.104
705.055
402.766
397.155
371.832
363.858
361.969
488.518
392.448
379.749
368.951
377.467
399.079
437.871
478.393
387.61
355.628
625.448
399.987
442.021
508.131
455.825
476.025
543.333
442.655
417.922
359.935
382.225
426.604
464.259
534.059
354.763
743.306
385.354
555.502
401.527
857.211
368.675
417.304
388.703
490.425
683.038
381.888
391.995
556.803
374.098
412.276
384.012
526.842
368.623
383.442
388.347
384.601
391.899
356.404
499.129
354.903
516.67
496.008
436.857
566.121
450.651
401.739
431.331
412.921
360.509
364.045
419.064
514.744
363.508
412.715
467.451
535.459
397.92
456.792
390.909
422.093
401.481
356.176
403.867
470.556
392.692
398.121
385.303
434.277
428.213
416.272
369.678
382.004
366.371
476.124
445.943
366.354
402.23
369.583
434.81
430.475
511.263
372.973
369.322
369.939
449.914
501.084
961.92
427.521
429.961
542.518
365.809
372.57
371.846
487.539
413.141
403.571
496.009
488.402
370.151
501.277
393.123
374.174
445.978
638.44
448.056
601.284
531.864
619.712
617.501
389.598
377.987
394.856
462.535
386.861
540.747
434.599
